
<!DOCTYPE html>
<html><head data-gwd-animation-mode="proMode">
    <title>海涛の信息</title>
    <meta http-equiv="Content-Type" content="text/html; charset=utf-8">
    <meta name="generator" content="Google Web Designer 1.0.4.0305">
    <style type="text/css">html, body {
  width: 100%;
  height: 100%;
  margin: 0px;
}

body {
  background-color: transparent;
  -webkit-transform: matrix3d(1, 0, 0, 0, 0, 1, 0, 0, 0, 0, 1, 0, 0, 0, 0, 1);
  -moz-transform: matrix3d(1, 0, 0, 0, 0, 1, 0, 0, 0, 0, 1, 0, 0, 0, 0, 1);
  transform: matrix3d(1, 0, 0, 0, 0, 1, 0, 0, 0, 0, 1, 0, 0, 0, 0, 1);
  -webkit-perspective: 1400px;
  -moz-perspective: 1400px;
  perspective: 1400px;
  -webkit-transform-style: preserve-3d;
  -moz-transform-style: preserve-3d;
  transform-style: preserve-3d;
  width: 190%;
}

.gwd-div-llxa {
  position: absolute;
  font-family: 'Times New Roman';
  text-align: left;
  color: rgb(0, 0, 0);
  top: 80px;
  border: 3px none rgb(127, 155, 76);
  overflow: visible;
  background-image: none;
  border-image-source: none;
  -webkit-transform-origin: 200px 75px 0px;
  -moz-transform-origin: 200px 75px 0px;
  transform-origin: 200px 75px 0px;
  height: 175px;
  width: 700px;
  left: 850px;
  -webkit-transform: matrix3d(0.8839441179, 0.2019372353, 0.4217394328, 0, -0.200232454, 0.9785292197, -0.0488623633, 0, -0.4225514885, -0.0412543228, 0.9053995363, 0, -180.097456942, -293.9339910087, -210.933594755, 1);
  -moz-transform: matrix3d(0.8839441179, 0.2019372353, 0.4217394328, 0, -0.200232454, 0.9785292197, -0.0488623633, 0, -0.4225514885, -0.0412543228, 0.9053995363, 0, -180.097456942, -293.9339910087, -210.933594755, 1);
  transform: matrix3d(0.8839441179, 0.2019372353, 0.4217394328, 0, -0.200232454, 0.9785292197, -0.0488623633, 0, -0.4225514885, -0.0412543228, 0.9053995363, 0, -180.097456942, -293.9339910087, -210.933594755, 1);
  -webkit-transform-style: preserve-3d;
  -moz-transform-style: preserve-3d;
  transform-style: preserve-3d;
}

.gwd-div-ajmn {
  text-align: center;
  -webkit-transform-origin: 300px 64.5px 0px;
  -moz-transform-origin: 300px 64.5px 0px;
  transform-origin: 300px 64.5px 0px;
  -webkit-transform: matrix3d(0.975284271, 0.220701409, -0.010558358, 0, -0.2205065782, 0.9691594115, -0.110031287, 0, -0.0140513279, 0.109639971, 0.9938720425, 0, -343.5595997168, 224.427755909, 0.00000117, 1);
  -moz-transform: matrix3d(0.975284271, 0.220701409, -0.010558358, 0, -0.2205065782, 0.9691594115, -0.110031287, 0, -0.0140513279, 0.109639971, 0.9938720425, 0, -343.5595997168, 224.427755909, 0.00000117, 1);
  transform: matrix3d(0.975284271, 0.220701409, -0.010558358, 0, -0.2205065782, 0.9691594115, -0.110031287, 0, -0.0140513279, 0.109639971, 0.9938720425, 0, -343.5595997168, 224.427755909, 0.00000117, 1);
  -webkit-transform-style: preserve-3d;
  -moz-transform-style: preserve-3d;
  transform-style: preserve-3d;
}

.gwd-strong-kzkb {
  border-image-source: none;
  border-color: rgb(20, 40, 32);
  font-family: serif;
  font-size: 92px;
  -webkit-transform-origin: -125.2576498079px 268.7519639653px 0.2952711397px;
  -moz-transform-origin: -125.2576498079px 268.7519639653px 0.2952711397px;
  transform-origin: -125.2576498079px 268.7519639653px 0.2952711397px;
  -webkit-transform: matrix3d(1, 0, 0, 0, 0, 1, 0, 0, 0, 0, 1, 0, 0, 0, 0, 1);
  -moz-transform: matrix3d(1, 0, 0, 0, 0, 1, 0, 0, 0, 0, 1, 0, 0, 0, 0, 1);
  transform: matrix3d(1, 0, 0, 0, 0, 1, 0, 0, 0, 0, 1, 0, 0, 0, 0, 1);
  -webkit-transform-style: preserve-3d;
  -moz-transform-style: preserve-3d;
  transform-style: preserve-3d;
  color: rgb(10, 21, 72);
  font-weight: bold;
}

.gwd-div-gx71 {
  position: absolute;
  font-family: 'Times New Roman';
  text-align: left;
  color: rgb(0, 0, 0);
  height: 453px;
  width: 400px;
  left: 355.6839912149314px;
  top: 84.01490305161494px;
  -webkit-transform-origin: 131.6997294px 315.5521523304px 0px;
  -moz-transform-origin: 131.6997294px 315.5521523304px 0px;
  transform-origin: 131.6997294px 315.5521523304px 0px;
  -webkit-transform: matrix3d(0.3193151077, 0.0049373673, -0.947635734, 0, -0.1745719617, 0.983178933, -0.0537011717, 0, 0.9314303475, 0.1825782245, 0.3148058129, 0, -9.9939593668, -47.0241799139, 53.8443080402, 1);
  -moz-transform: matrix3d(0.3193151077, 0.0049373673, -0.947635734, 0, -0.1745719617, 0.983178933, -0.0537011717, 0, 0.9314303475, 0.1825782245, 0.3148058129, 0, -9.9939593668, -47.0241799139, 53.8443080402, 1);
  transform: matrix3d(0.3193151077, 0.0049373673, -0.947635734, 0, -0.1745719617, 0.983178933, -0.0537011717, 0, 0.9314303475, 0.1825782245, 0.3148058129, 0, -9.9939593668, -47.0241799139, 53.8443080402, 1);
  -webkit-transform-style: preserve-3d;
  -moz-transform-style: preserve-3d;
  transform-style: preserve-3d;
}

.gwd-span-nu4x {
  font-size: 26px;
}

.gwd-span-vjrg {
  font-family: 'Courier New';
  font-weight: bold;
  font-size: 21px;
}

.gwd-span-riuc {
  font-family: 'Courier New';
  font-weight: bold;
  font-size: 21px;
}

.gwd-span-0f63 {
  font-family: 'Courier New';
  font-weight: bold;
  font-size: 21px;
}

.gwd-span-qeo1 {
  font-family: 'Courier New';
  font-weight: bold;
  font-size: 21px;
}

.gwd-span-bkxx {
  font-family: 'Courier New';
  font-weight: bold;
  font-size: 21px;
}

.gwd-span-mz5l {
  font-family: 'Courier New';
  font-weight: bold;
  font-size: 21px;
}

.gwd-span-lot4 {
  font-family: 'Courier New';
  font-weight: bold;
  font-size: 21px;
}

.gwd-span-h6q5 {
  font-family: 'Courier New';
  font-weight: bold;
  font-size: 21px;
}

.gwd-span-v9t7 {
  font-family: 'Courier New';
  font-weight: bold;
  font-size: 21px;
}

.gwd-span-uxce {
  font-family: 'Courier New';
  font-weight: bold;
  font-size: 21px;
}

.gwd-span-68am {
  font-family: 'Courier New';
  font-weight: bold;
  font-size: 21px;
}

.gwd-span-i1sv {
  font-size: 24px;
}

.gwd-div-cc6h {
  -webkit-transform: translate3d(0px, -11.5px, 0px);
  -moz-transform: translate3d(0px, -11.5px, 0px);
  transform: translate3d(0px, -11.5px, 0px);
  -webkit-transform-style: preserve-3d;
  -moz-transform-style: preserve-3d;
  transform-style: preserve-3d;
}

.gwd-span-qc99 {
  font-family: 'Courier New';
  font-size: 21px;
  font-weight: bold;
}

.gwd-span-lrnx {
  font-family: 'Courier New';
  font-size: 21px;
  font-weight: bold;
}

.gwd-span-xzkq {
  font-family: 'Courier New';
  font-size: 21px;
  font-weight: bold;
}

.gwd-img-2fgk {
  position: absolute;
  width: 140.0517049932px;
  height: 140.7661648265px;
  left: 684.4994942029173px;
  top: 196.08226522710402px;
  -webkit-transform: matrix3d(1, 0, 0, 0, 0, 1, 0, 0, 0, 0, 1, 0, 0, 0, 0, 1);
  -moz-transform: matrix3d(1, 0, 0, 0, 0, 1, 0, 0, 0, 0, 1, 0, 0, 0, 0, 1);
  transform: matrix3d(1, 0, 0, 0, 0, 1, 0, 0, 0, 0, 1, 0, 0, 0, 0, 1);
  -webkit-transform-style: preserve-3d;
  -moz-transform-style: preserve-3d;
  transform-style: preserve-3d;
}

.gwd-img-31er {
  position: absolute;
  width: 133.7619114527px;
  height: 127.2932032847px;
  left: 440.8684220987px;
  top: 337px;
}

.gwd-img-d2d0 {
  position: absolute;
  width: 141.1515521685px;
  height: 141px;
  left: 825px;
  top: 196px;
}

.gwd-img-yuu5 {
  position: absolute;
  width: 141.0907815739px;
  height: 141px;
  left: 966px;
  top: 196px;
}

.gwd-img-51oj {
  position: absolute;
  width: 141.5663591182px;
  height: 141px;
  left: 1107px;
  top: 196px;
}

.gwd-img-pc4b {
  position: absolute;
  width: 141.5194889298px;
  height: 141px;
  left: 1249px;
  top: 196px;
}

.gwd-span-keki {
  font-family: 'Courier New';
  font-size: 21px;
  font-weight: bold;
}

.gwd-span-rqvm {
  font-family: 'Courier New';
  font-size: 21px;
  font-weight: bold;
}

.gwd-span-mi8a {
  font-family: 'Courier New';
  font-size: 21px;
  font-weight: bold;
}

</style>
  </head>
  
  <body>
    <div class="gwd-div-llxa">
      <div class="gwd-div-ajmn"><span class="gwd-strong-kzkb">海涛の信息</span>
      </div>
    </div>
    <div class="gwd-div-gx71"><span class="gwd-span-68am">I<span class="gwd-span-nu4x">D:Eng aiao</span></span>
      <div><span class="gwd-span-vjrg"><br></span>
      </div>
      <div class="gwd-div-cc6h"><span class="gwd-span-riuc">E-mail:fhttian@Gmail.com<br></span>
        <div><span class="gwd-span-0f63"><br></span>
        </div>
        <div><span class="gwd-span-qeo1">Cel:18634806726</span>
        </div>
        <div><span class="gwd-span-bkxx"><br></span>
        </div>
        <div><span class="gwd-span-mz5l">Twitter:@engaiao</span>
        </div>
        <div><span class="gwd-span-mz5l"><br></span>
        </div>
        <div><span class="gwd-span-keki">Blog:jiu bu gao su ni :-D</span>
        </div>
        <div><span class="gwd-span-rqvm"><br></span>
        </div>
        <div><span class="gwd-span-h6q5">Add:Shanxi Taiyuan</span>
        </div>
        <div><span class="gwd-span-h6q5"><br></span>
        </div>
        <div><span class="gwd-span-h6q5">Home:Shanxi&nbsp;</span><span class="gwd-span-qc99">Hejin</span>
        </div>
        <div><span class="gwd-span-lrnx"><br></span>
        </div>
        <div><span class="gwd-span-xzkq">Wechat:</span>
        </div>
        <div><span class="gwd-span-xzkq"><br></span>
        </div>
        <div><span class="gwd-span-xzkq"><br></span>
        </div>
        <div><span class="gwd-span-xzkq"><br></span>
        </div>
        <div><span class="gwd-span-xzkq"><br></span>
        </div>
        <div><span class="gwd-span-mi8a">QQ:569943051</span>
          <br>
        </div>
        <div>
          <br>
        </div>
        <div><span class="gwd-span-uxce">Web:http://www.fenghaitao.com/</span>
        </div>
        <div><span class="gwd-span-i1sv"><br></span>
        </div>
        <div>
          <br>
        </div>
      </div>
    </div>
    <img class="gwd-img-31er" src="http://ww4.sinaimg.cn/bmiddle/623c3e23tw1eemm2xqes0j20by0byjrq.jpg">
    <img class="gwd-img-2fgk" src="http://distilleryimage5.s3.amazonaws.com/5de541663fcd11e3bd0922000a1f9039_5.jpg" alt="/Users/engaiao/Desktop">
    <img class="gwd-img-d2d0" src="http://distilleryimage5.s3.amazonaws.com/54c167c48daa11e3ae8a0e1c1cd6dc95_5.jpg">
    <img class="gwd-img-yuu5" src="http://distilleryimage0.s3.amazonaws.com/7f12a6508daa11e38b2812cb779e5d54_5.jpg">
    <img class="gwd-img-51oj" src="http://distilleryimage10.s3.amazonaws.com/aefd0ffe8daa11e3910112de2e92b762_5.jpg">
    <img class="gwd-img-pc4b" src="http://distilleryimage7.s3.amazonaws.com/cc018b285ebd11e3815e12cd270dc62a_5.jpg">
  

</body></html>
